0 0.56640625 0.421875 0.0390625 0.109375
0 0.8640625 0.4875 0.040625 0.1578125
0 0.2953125 0.4875 0.04375 0.215625
0 0.3921875 0.48828125 0.040625 0.1765625
0 0.19609375 0.4921875 0.025 0.1890625
0 0.69296875 0.49765625 0.0609375 0.19375
0 0.05546875 0.49765625 0.0671875 0.20625
0 0.16953125 0.4984375 0.04375 0.2453125
0 0.9484375 0.50859375 0.04375 0.184375
0 0.57890625 0.52421875 0.059375 0.2171875
0 0.9140625 0.5296875 0.0734375 0.278125
0 0.5125 0.53046875 0.0640625 0.2265625
0 0.4203125 0.53125 0.04375 0.225
0 0.2453125 0.53203125 0.1 0.2859375
0 0.4640625 0.5390625 0.0734375 0.2328125
