2 0.83642578125 0.4327390599675851 0.1279296875 0.29983792544570503
2 0.25 0.46353322528363045 0.0625 0.1539708265802269
2 0.35791015625 0.7163695299837926 0.0380859375 0.34035656401944897
2 0.5400390625 0.4011345218800648 0.0439453125 0.25121555915721233
2 0.58544921875 0.7212317666126418 0.0341796875 0.33063209076175043
2 0.63232421875 0.44489465153970825 0.099609375 0.3225283630470016
2 0.7265625 0.4505672609400324 0.09765625 0.3273905996758509
2 0.71435546875 0.6555915721231766 0.02734375 0.3225283630470016
2 0.8349609375 0.6831442463533225 0.0673828125 0.36304700162074555
2 0.94287109375 0.39627228525121555 0.0830078125 0.2366288492706645
2 0.9658203125 0.6118314424635333 0.0185546875 0.2188006482982172
