0 0.69140625 0.21796875 0.0375 0.0703125
0 0.83671875 0.221875 0.0328125 0.15625
0 0.296875 0.24296875 0.040625 0.1375
0 0.265625 0.24375 0.0390625 0.13125
0 0.71640625 0.359375 0.053125 0.1796875
0 0.67109375 0.36875 0.04375 0.1640625
0 0.25 0.403125 0.059375 0.1984375
0 0.19140625 0.41171875 0.05 0.1796875
0 0.125 0.44453125 0.05 0.15625
0 0.084375 0.45625 0.04375 0.1734375
0 0.390625 0.52265625 0.0546875 0.059375
0 0.590625 0.57890625 0.1296875 0.16875
0 0.20703125 0.59140625 0.0625 0.203125
0 0.115625 0.59296875 0.0640625 0.234375
0 0.50234375 0.60234375 0.0609375 0.1671875
0 0.8 0.64765625 0.0640625 0.21875
0 0.8609375 0.67265625 0.065625 0.246875
0 0.03203125 0.69921875 0.0640625 0.278125
0 0.91640625 0.78984375 0.084375 0.2734375
0 0.209375 0.08046875 0.0328125 0.0734375
0 0.46953125 0.81796875 0.0765625 0.2734375
0 0.8015625 0.865625 0.0875 0.2625
0 0.69140625 0.8703125 0.0828125 0.259375
0 0.22578125 0.10546875 0.021875 0.053125
0 0.275 0.11796875 0.03125 0.065625
0 0.67109375 0.14453125 0.0296875 0.1
0 0.21484375 0.16796875 0.0296875 0.109375
0 0.3359375 0.16875 0.025 0.090625
