0 0.66015625 0.47265625 0.05625 0.11875
0 0.30625 0.47578125 0.0546875 0.1375
0 0.5046875 0.48828125 0.05 0.2046875
0 0.55703125 0.48828125 0.0578125 0.1953125
0 0.603125 0.48828125 0.04375 0.1578125
0 0.234375 0.50078125 0.028125 0.1578125
0 0.46953125 0.50390625 0.04375 0.18125
0 0.40390625 0.50625 0.0625 0.1765625
0 0.2734375 0.50859375 0.1078125 0.203125
0 0.6484375 0.51875 0.04375 0.0546875
0 0.528125 0.55703125 0.0546875 0.071875
0 0.70078125 0.55703125 0.04375 0.096875
0 0.35859375 0.5765625 0.0453125 0.10625
0 0.26875 0.5890625 0.0375 0.103125
0 0.425 0.590625 0.0421875 0.0890625
0 0.3109375 0.6046875 0.046875 0.121875
0 0.8046875 0.61796875 0.08125 0.1765625
0 0.14609375 0.62578125 0.0796875 0.4296875
0 0.75 0.63046875 0.0921875 0.2
0 0.475 0.64375 0.053125 0.1609375
0 0.59453125 0.66171875 0.0984375 0.1828125
0 0.6671875 0.67265625 0.1 0.25625
0 0.93125 0.70625 0.1375 0.3625
0 0.39375 0.7078125 0.10625 0.2234375
0 0.23828125 0.775 0.1140625 0.3015625
0 0.54609375 0.80859375 0.20625 0.38125
0 0.3328125 0.83046875 0.20625 0.3390625
