0 0.07734375 0.5359375 0.1546875 0.928125
0 0.66171875 0.5421875 0.0484375 0.140625
0 0.37421875 0.54609375 0.0390625 0.0859375
0 0.9671875 0.55390625 0.0203125 0.0484375
0 0.303125 0.59140625 0.046875 0.1625
0 0.221875 0.596875 0.0640625 0.28125
0 0.92890625 0.6046875 0.115625 0.275
0 0.4421875 0.6765625 0.0828125 0.3453125
0 0.59921875 0.690625 0.05 0.384375
0 0.13359375 0.709375 0.165625 0.559375
0 0.734375 0.72109375 0.078125 0.4390625
0 0.640625 0.7375 0.134375 0.5046875
0 0.521875 0.740625 0.11875 0.5078125
0 0.371875 0.740625 0.0921875 0.4609375
0 0.86015625 0.74140625 0.2359375 0.49375
0 0.265625 0.75 0.109375 0.446875
