2 0.02587890625 0.4669603524229075 0.0517578125 0.09838472834067548
2 0.05810546875 0.5602055800293686 0.1162109375 0.07929515418502203
2 0.109375 0.6321585903083701 0.21875 0.17914831130690162
2 0.28125 0.7716593245227606 0.236328125 0.39941262848751835
2 0.38671875 0.3377386196769457 0.048828125 0.05286343612334802
2 0.5 0.328928046989721 0.037109375 0.023494860499265784
2 0.51708984375 0.34140969162995594 0.033203125 0.039647577092511016
2 0.544921875 0.3524229074889868 0.052734375 0.048458149779735685
2 0.59326171875 0.3619676945668135 0.0595703125 0.049926578560939794
2 0.654296875 0.36490455212922174 0.0576171875 0.06901615271659324
2 0.70654296875 0.3590308370044053 0.068359375 0.055800293685756244
2 0.75830078125 0.3766519823788546 0.0595703125 0.05726872246696035
2 0.83837890625 0.3935389133627019 0.0888671875 0.048458149779735685
2 0.90771484375 0.4052863436123348 0.0771484375 0.07195301027900147
2 0.97412109375 0.45080763582966227 0.048828125 0.05433186490455213
