2 0.20939334637964774 0.18928571428571428 0.24266144814090018 0.09285714285714286
2 0.20939334637964774 0.3107142857142857 0.24266144814090018 0.09285714285714286
2 0.20743639921722112 0.45714285714285713 0.24266144814090018 0.09285714285714286
2 0.2035225048923679 0.6232142857142857 0.25048923679060664 0.10357142857142858
2 0.50293542074364 0.20535714285714285 0.25048923679060664 0.10357142857142858
2 0.541095890410959 0.35892857142857143 0.24070450097847357 0.15357142857142858
2 0.5009784735812133 0.5035714285714286 0.25440313111545987 0.12142857142857143
2 0.49902152641878667 0.6892857142857143 0.2700587084148728 0.2
2 0.799412915851272 0.19642857142857142 0.2563600782778865 0.19285714285714287
2 0.799412915851272 0.39107142857142857 0.25244618395303325 0.175
2 0.8424657534246576 0.5375 0.20156555772994128 0.125
2 0.7984344422700587 0.6821428571428572 0.2857142857142857 0.14285714285714285
