2 0.059895833333333336 0.40869140625 0.11979166666666667 0.072265625
2 0.0625 0.2978515625 0.125 0.0615234375
2 0.07291666666666667 0.3544921875 0.14583333333333334 0.06640625
2 0.07291666666666667 0.478515625 0.14583333333333334 0.072265625
2 0.08333333333333333 0.69140625 0.16666666666666666 0.0361328125
2 0.087890625 0.64990234375 0.17578125 0.072265625
2 0.09049479166666667 0.5927734375 0.18098958333333334 0.0703125
2 0.09114583333333333 0.5400390625 0.18229166666666666 0.072265625
2 0.23958333333333334 0.6484375 0.23958333333333334 0.083984375
2 0.2591145833333333 0.48486328125 0.22395833333333334 0.0986328125
2 0.18294270833333334 0.47509765625 0.049479166666666664 0.017578125
2 0.18229166666666666 0.4150390625 0.045572916666666664 0.01171875
2 0.2552083333333333 0.53076171875 0.19010416666666666 0.0673828125
2 0.2662760416666667 0.59375 0.203125 0.08203125
2 0.18229166666666666 0.35107421875 0.033854166666666664 0.0126953125
2 0.26171875 0.43115234375 0.19140625 0.083984375
2 0.22005208333333334 0.5458984375 0.052083333333333336 0.009765625
2 0.3046875 0.37939453125 0.22005208333333334 0.0947265625
2 0.220703125 0.5966796875 0.04296875 0.0146484375
2 0.24544270833333334 0.25732421875 0.046875 0.01171875
2 0.5963541666666666 0.58837890625 0.41015625 0.14453125
2 0.421875 0.26416015625 0.036458333333333336 0.013671875
2 0.6380208333333334 0.38671875 0.3489583333333333 0.11328125
2 0.6354166666666666 0.302734375 0.3216145833333333 0.080078125
2 0.6360677083333334 0.47607421875 0.3151041666666667 0.107421875
2 0.5201822916666666 0.35888671875 0.046875 0.0166015625
2 0.525390625 0.287109375 0.046875 0.0126953125
2 0.5345052083333334 0.408203125 0.053385416666666664 0.013671875
2 0.6490885416666666 0.65869140625 0.2565104166666667 0.099609375
2 0.6614583333333334 0.552734375 0.25390625 0.0712890625
2 0.658203125 0.73046875 0.23828125 0.05078125
2 0.8645833333333334 0.5732421875 0.2669270833333333 0.1123046875
2 0.8782552083333334 0.42138671875 0.23828125 0.0986328125
2 0.880859375 0.27587890625 0.23307291666666666 0.056640625
2 0.8873697916666666 0.34033203125 0.22135416666666666 0.0537109375
2 0.89453125 0.49755859375 0.20703125 0.0888671875
2 0.8990885416666666 0.67236328125 0.19791666666666666 0.107421875
2 0.8248697916666666 0.6494140625 0.048177083333333336 0.013671875
2 0.83203125 0.583984375 0.05859375 0.017578125
2 0.8372395833333334 0.49169921875 0.05859375 0.013671875
2 0.83984375 0.42822265625 0.052083333333333336 0.0146484375
2 0.8489583333333334 0.29541015625 0.05859375 0.013671875
2 0.8470052083333334 0.353515625 0.048177083333333336 0.01171875
